TopK=10

=== Yearly TopK Weight Stats ===
Year       | Avg Sum(Weights)     | Avg Sum(Squared)    
-------------------------------------------------------
1985       | 0.0000               | 0.0000              
1986       | 2.4908               | 0.7647              
1987       | 2.4877               | 0.7683              
1988       | 2.4765               | 0.7609              
1989       | 2.4789               | 0.7624              
1990       | 2.4768               | 0.7597              
1991       | 2.4781               | 0.7608              
1992       | 2.4810               | 0.7599              
1993       | 2.4820               | 0.7639              
1994       | 2.4874               | 0.7646              
1995       | 2.4864               | 0.7674              
1996       | 2.4874               | 0.7666              
1997       | 2.4914               | 0.7739              
1998       | 2.5014               | 0.7815              
1999       | 2.5080               | 0.7855              
2000       | 2.5141               | 0.7885              
2001       | 2.5232               | 0.7974              
2002       | 2.5258               | 0.8046              
2003       | 2.5326               | 0.8100              
2004       | 2.5306               | 0.8116              
2005       | 2.5306               | 0.8144              
2006       | 2.5358               | 0.8197              
2007       | 2.5427               | 0.8262              
2008       | 2.5465               | 0.8290              
2009       | 2.5441               | 0.8272              
2010       | 2.5436               | 0.8277              
2011       | 2.5415               | 0.8275              
2012       | 2.5408               | 0.8308              
2013       | 2.5386               | 0.8288              
2014       | 2.5404               | 0.8287              
2015       | 2.5444               | 0.8350              
2016       | 2.5433               | 0.8342              
2017       | 2.5414               | 0.8344              
2018       | 2.5349               | 0.8298              
2019       | 2.5377               | 0.8346              
2020       | 2.5330               | 0.8292              
2021       | 2.5312               | 0.8239              
2022       | 2.5274               | 0.8189              
2023       | 2.5230               | 0.8199              
2024       | 2.5090               | 0.8038              

=== Pairwise DF Sum ===
Year1      | Year2      | Sum(DF*DF)          
---------------------------------------------
1985       | 1985       | 0                   
1985       | 1986       | 0                   
1985       | 1987       | 0                   
1985       | 1988       | 0                   
1985       | 1989       | 0                   
1985       | 1990       | 0                   
1986       | 1985       | 0                   
1986       | 1986       | 51646               
1986       | 1987       | 42364               
1986       | 1988       | 44344               
1986       | 1989       | 39289               
1986       | 1990       | 45356               
1986       | 1991       | 50738               
1987       | 1985       | 0                   
1987       | 1986       | 42364               
1987       | 1987       | 67010               
1987       | 1988       | 51797               
1987       | 1989       | 45781               
1987       | 1990       | 53060               
1987       | 1991       | 59306               
1987       | 1992       | 75266               
1988       | 1985       | 0                   
1988       | 1986       | 44344               
1988       | 1987       | 51797               
1988       | 1988       | 72426               
1988       | 1989       | 48141               
1988       | 1990       | 55277               
1988       | 1991       | 62797               
1988       | 1992       | 78996               
1988       | 1993       | 82858               
1989       | 1985       | 0                   
1989       | 1986       | 39289               
1989       | 1987       | 45781               
1989       | 1988       | 48141               
1989       | 1989       | 59028               
1989       | 1990       | 49413               
1989       | 1991       | 55833               
1989       | 1992       | 71219               
1989       | 1993       | 76460               
1989       | 1994       | 77199               
1990       | 1985       | 0                   
1990       | 1986       | 45356               
1990       | 1987       | 53060               
1990       | 1988       | 55277               
1990       | 1989       | 49413               
1990       | 1990       | 76080               
1990       | 1991       | 65392               
1990       | 1992       | 82929               
1990       | 1993       | 88052               
1990       | 1994       | 88221               
1990       | 1995       | 91355               
1991       | 1986       | 50738               
1991       | 1987       | 59306               
1991       | 1988       | 62797               
1991       | 1989       | 55833               
1991       | 1990       | 65392               
1991       | 1991       | 94302               
1991       | 1992       | 93034               
1991       | 1993       | 100307              
1991       | 1994       | 101046              
1991       | 1995       | 105043              
1991       | 1996       | 132537              
1992       | 1987       | 75266               
1992       | 1988       | 78996               
1992       | 1989       | 71219               
1992       | 1990       | 82929               
1992       | 1991       | 93034               
1992       | 1992       | 147872              
1992       | 1993       | 134608              
1992       | 1994       | 135383              
1992       | 1995       | 139592              
1992       | 1996       | 177434              
1992       | 1997       | 211669              
1993       | 1988       | 82858               
1993       | 1989       | 76460               
1993       | 1990       | 88052               
1993       | 1991       | 100307              
1993       | 1992       | 134608              
1993       | 1993       | 208828              
1993       | 1994       | 170788              
1993       | 1995       | 182280              
1993       | 1996       | 230183              
1993       | 1997       | 274154              
1993       | 1998       | 312636              
1994       | 1989       | 77199               
1994       | 1990       | 88221               
1994       | 1991       | 101046              
1994       | 1992       | 135383              
1994       | 1993       | 170788              
1994       | 1994       | 200000              
1994       | 1995       | 179515              
1994       | 1996       | 228924              
1994       | 1997       | 271389              
1994       | 1998       | 313571              
1994       | 1999       | 383678              
1995       | 1990       | 91355               
1995       | 1991       | 105043              
1995       | 1992       | 139592              
1995       | 1993       | 182280              
1995       | 1994       | 179515              
1995       | 1995       | 227919              
1995       | 1996       | 246612              
1995       | 1997       | 293950              
1995       | 1998       | 335633              
1995       | 1999       | 410969              
1995       | 2000       | 577000              
1996       | 1991       | 132537              
1996       | 1992       | 177434              
1996       | 1993       | 230183              
1996       | 1994       | 228924              
1996       | 1995       | 246612              
1996       | 1996       | 359566              
1996       | 1997       | 379831              
1996       | 1998       | 435334              
1996       | 1999       | 530391              
1996       | 2000       | 747253              
1996       | 2001       | 1007922             
1997       | 1992       | 211669              
1997       | 1993       | 274154              
1997       | 1994       | 271389              
1997       | 1995       | 293950              
1997       | 1996       | 379831              
1997       | 1997       | 520677              
1997       | 1998       | 535923              
1997       | 1999       | 658495              
1997       | 2000       | 929231              
1997       | 2001       | 1270070             
1997       | 2002       | 2012992             
1998       | 1993       | 312636              
1998       | 1994       | 313571              
1998       | 1995       | 335633              
1998       | 1996       | 435334              
1998       | 1997       | 535923              
1998       | 1998       | 682858              
1998       | 1999       | 770281              
1998       | 2000       | 1090065             
1998       | 2001       | 1511737             
1998       | 2002       | 2391294             
1998       | 2003       | 3288867             
1999       | 1994       | 383678              
1999       | 1995       | 410969              
1999       | 1996       | 530391              
1999       | 1997       | 658495              
1999       | 1998       | 770281              
1999       | 1999       | 1056137             
1999       | 2000       | 1389369             
1999       | 2001       | 1947630             
1999       | 2002       | 3113970             
1999       | 2003       | 4320978             
1999       | 2004       | 5075457             
2000       | 1995       | 577000              
2000       | 1996       | 747253              
2000       | 1997       | 929231              
2000       | 1998       | 1090065             
2000       | 1999       | 1389369             
2000       | 2000       | 2107368             
2000       | 2001       | 2823887             
2000       | 2002       | 4493988             
2000       | 2003       | 6225989             
2000       | 2004       | 7334110             
2000       | 2005       | 9849984             
2001       | 1996       | 1007922             
2001       | 1997       | 1270070             
2001       | 1998       | 1511737             
2001       | 1999       | 1947630             
2001       | 2000       | 2823887             
2001       | 2001       | 4422252             
2001       | 2002       | 6881179             
2001       | 2003       | 9597093             
2001       | 2004       | 11387627            
2001       | 2005       | 15357305            
2001       | 2006       | 19069798            
2002       | 1997       | 2012992             
2002       | 1998       | 2391294             
2002       | 1999       | 3113970             
2002       | 2000       | 4493988             
2002       | 2001       | 6881179             
2002       | 2002       | 11979803            
2002       | 2003       | 16470895            
2002       | 2004       | 19007823            
2002       | 2005       | 25638463            
2002       | 2006       | 31923560            
2002       | 2007       | 38566748            
2003       | 1998       | 3288867             
2003       | 1999       | 4320978             
2003       | 2000       | 6225989             
2003       | 2001       | 9597093             
2003       | 2002       | 16470895            
2003       | 2003       | 25554984            
2003       | 2004       | 27457317            
2003       | 2005       | 36891738            
2003       | 2006       | 46025780            
2003       | 2007       | 55591163            
2003       | 2008       | 68438892            
2004       | 1999       | 5075457             
2004       | 2000       | 7334110             
2004       | 2001       | 11387627            
2004       | 2002       | 19007823            
2004       | 2003       | 27457317            
2004       | 2004       | 33536024            
2004       | 2005       | 45031607            
2004       | 2006       | 56568480            
2004       | 2007       | 68663588            
2004       | 2008       | 84278082            
2004       | 2009       | 102968026           
2005       | 2000       | 9849984             
2005       | 2001       | 15357305            
2005       | 2002       | 25638463            
2005       | 2003       | 36891738            
2005       | 2004       | 45031607            
2005       | 2005       | 63208393            
2005       | 2006       | 78683582            
2005       | 2007       | 95472067            
2005       | 2008       | 116732633           
2005       | 2009       | 142347945           
2005       | 2010       | 164267238           
2006       | 2001       | 19069798            
2006       | 2002       | 31923560            
2006       | 2003       | 46025780            
2006       | 2004       | 56568480            
2006       | 2005       | 78683582            
2006       | 2006       | 101448588           
2006       | 2007       | 123145096           
2006       | 2008       | 150287540           
2006       | 2009       | 183090655           
2006       | 2010       | 210849619           
2006       | 2011       | 269428967           
2007       | 2002       | 38566748            
2007       | 2003       | 55591163            
2007       | 2004       | 68663588            
2007       | 2005       | 95472067            
2007       | 2006       | 123145096           
2007       | 2007       | 152875132           
2007       | 2008       | 185811392           
2007       | 2009       | 226637238           
2007       | 2010       | 260836972           
2007       | 2011       | 333316627           
2007       | 2012       | 402593181           
2008       | 2003       | 68438892            
2008       | 2004       | 84278082            
2008       | 2005       | 116732633           
2008       | 2006       | 150287540           
2008       | 2007       | 185811392           
2008       | 2008       | 230853670           
2008       | 2009       | 281500775           
2008       | 2010       | 325541449           
2008       | 2011       | 416257416           
2008       | 2012       | 503018481           
2008       | 2013       | 703898973           
2009       | 2004       | 102968026           
2009       | 2005       | 142347945           
2009       | 2006       | 183090655           
2009       | 2007       | 226637238           
2009       | 2008       | 281500775           
2009       | 2009       | 349181457           
2009       | 2010       | 403717919           
2009       | 2011       | 516563488           
2009       | 2012       | 623453400           
2009       | 2013       | 876265610           
2009       | 2014       | 900692240           
2010       | 2005       | 164267238           
2010       | 2006       | 210849619           
2010       | 2007       | 260836972           
2010       | 2008       | 325541449           
2010       | 2009       | 403717919           
2010       | 2010       | 473783330           
2010       | 2011       | 604518709           
2010       | 2012       | 729202673           
2010       | 2013       | 1030400749          
2010       | 2014       | 1061356312          
2010       | 2015       | 1216463170          
2011       | 2006       | 269428967           
2011       | 2007       | 333316627           
2011       | 2008       | 416257416           
2011       | 2009       | 516563488           
2011       | 2010       | 604518709           
2011       | 2011       | 780369729           
2011       | 2012       | 941186332           
2011       | 2013       | 1330969118          
2011       | 2014       | 1371706599          
2011       | 2015       | 1572284664          
2011       | 2016       | 1908336577          
2012       | 2007       | 402593181           
2012       | 2008       | 503018481           
2012       | 2009       | 623453400           
2012       | 2010       | 729202673           
2012       | 2011       | 941186332           
2012       | 2012       | 1150043303          
2012       | 2013       | 1622445016          
2012       | 2014       | 1673891651          
2012       | 2015       | 1923149121          
2012       | 2016       | 2335875783          
2012       | 2017       | 2312792504          
2013       | 2008       | 703898973           
2013       | 2009       | 876265610           
2013       | 2010       | 1030400749          
2013       | 2011       | 1330969118          
2013       | 2012       | 1622445016          
2013       | 2013       | 2327304853          
2013       | 2014       | 2402596268          
2013       | 2015       | 2740350920          
2013       | 2016       | 3331574328          
2013       | 2017       | 3283688925          
2013       | 2018       | 4077666163          
2014       | 2009       | 900692240           
2014       | 2010       | 1061356312          
2014       | 2011       | 1371706599          
2014       | 2012       | 1673891651          
2014       | 2013       | 2402596268          
2014       | 2014       | 2514356862          
2014       | 2015       | 2873450373          
2014       | 2016       | 3516720769          
2014       | 2017       | 3470781942          
2014       | 2018       | 4329247407          
2014       | 2019       | 4444919349          
2015       | 2010       | 1216463170          
2015       | 2011       | 1572284664          
2015       | 2012       | 1923149121          
2015       | 2013       | 2740350920          
2015       | 2014       | 2873450373          
2015       | 2015       | 3343113205          
2015       | 2016       | 4101869309          
2015       | 2017       | 4074661062          
2015       | 2018       | 5099566251          
2015       | 2019       | 5266860906          
2015       | 2020       | 5708273032          
2016       | 2011       | 1908336577          
2016       | 2012       | 2335875783          
2016       | 2013       | 3331574328          
2016       | 2014       | 3516720769          
2016       | 2015       | 4101869309          
2016       | 2016       | 5094279462          
2016       | 2017       | 5068444430          
2016       | 2018       | 6376667029          
2016       | 2019       | 6570430491          
2016       | 2020       | 7161110947          
2016       | 2021       | 6449843350          
2017       | 2012       | 2312792504          
2017       | 2013       | 3283688925          
2017       | 2014       | 3470781942          
2017       | 2015       | 4074661062          
2017       | 2016       | 5068444430          
2017       | 2017       | 5124464217          
2017       | 2018       | 6488936179          
2017       | 2019       | 6732749793          
2017       | 2020       | 7346523884          
2017       | 2021       | 6571055716          
2017       | 2022       | 3613191792          
2018       | 2013       | 4077666163          
2018       | 2014       | 4329247407          
2018       | 2015       | 5099566251          
2018       | 2016       | 6376667029          
2018       | 2017       | 6488936179          
2018       | 2018       | 8350471608          
2018       | 2019       | 8683818405          
2018       | 2020       | 9568224869          
2018       | 2021       | 8557803469          
2018       | 2022       | 4703202711          
2018       | 2023       | 2991615888          
2019       | 2014       | 4444919349          
2019       | 2015       | 5266860906          
2019       | 2016       | 6570430491          
2019       | 2017       | 6732749793          
2019       | 2018       | 8683818405          
2019       | 2019       | 9230670213          
2019       | 2020       | 10096442600         
2019       | 2021       | 8957207096          
2019       | 2022       | 4910409244          
2019       | 2023       | 3198216166          
2019       | 2024       | 125761949           
2020       | 2015       | 5708273032          
2020       | 2016       | 7161110947          
2020       | 2017       | 7346523884          
2020       | 2018       | 9568224869          
2020       | 2019       | 10096442600         
2020       | 2020       | 11247242688         
2020       | 2021       | 10050636518         
2020       | 2022       | 5527416406          
2020       | 2023       | 3609214750          
2020       | 2024       | 144762488           
2021       | 2016       | 6449843350          
2021       | 2017       | 6571055716          
2021       | 2018       | 8557803469          
2021       | 2019       | 8957207096          
2021       | 2020       | 10050636518         
2021       | 2021       | 9113660000          
2021       | 2022       | 5049427676          
2021       | 2023       | 3240904486          
2021       | 2024       | 132190750           
2022       | 2017       | 3613191792          
2022       | 2018       | 4703202711          
2022       | 2019       | 4910409244          
2022       | 2020       | 5527416406          
2022       | 2021       | 5049427676          
2022       | 2022       | 2857534795          
2022       | 2023       | 1795759977          
2022       | 2024       | 73631496            
2023       | 2018       | 2991615888          
2023       | 2019       | 3198216166          
2023       | 2020       | 3609214750          
2023       | 2021       | 3240904486          
2023       | 2022       | 1795759977          
2023       | 2023       | 1255272117          
2023       | 2024       | 50812132            
2024       | 2019       | 125761949           
2024       | 2020       | 144762488           
2024       | 2021       | 132190750           
2024       | 2022       | 73631496            
2024       | 2023       | 50812132            
2024       | 2024       | 2202062             
---------------------------------------------
Total Sum (filtered): 550953565988
